   3.5372946e+00
   5.5997506e+00
   1.0387457e+00
   6.3097076e+00
   4.9148807e+00
   7.1123116e+00
   6.4178501e+00
  -2.3691963e+00
   6.0621906e+00
   5.9309455e+00
   4.4420845e+00
   7.4147108e+00
   5.9490056e+00
   3.4561227e+00
  -4.0891010e+00
   3.0524867e+00
   4.2170006e+00
   3.6839659e+00
   4.2039624e+00
  -4.6097091e+00
   7.1894680e+00
   4.0785745e+00
  -2.9601961e+00
   6.2111438e+00
  -2.1939188e+00
   4.2686665e+00
   4.9706377e-01
   1.1775474e+00
   1.1294144e+00
   4.2221572e+00
   6.4454099e+00
  -4.7897350e+00
  -1.6433147e+00
   4.3479899e+00
   6.0827308e+00
   4.7481194e+00
   2.8163770e+00
  -9.7237035e-01
   3.4283764e+00
   4.7898909e+00
   3.4134730e+00
   4.1407749e+00
   4.0338963e+00
   6.2405763e+00
   5.3158007e+00
  -5.0844049e+00
   6.4202998e+00
   5.7692208e+00
   2.7793803e+00
   4.4982637e+00
   6.2126337e+00
   3.6964379e+00
   5.9014539e+00
   4.5551216e-01
  -3.5209722e+00
   6.7916270e+00
   6.0803960e+00
   5.6724204e+00
   3.7901630e+00
  -1.3017361e+00
   7.0252056e+00
  -4.4339470e+00
   2.4599469e+00
   4.6928576e+00
   4.0034729e+00
   5.2270085e+00
   4.6512581e+00
  -1.3136227e-01
  -4.1050066e+00
   6.6155284e+00
   3.5170869e+00
   1.2753366e+00
   6.7568684e+00
  -4.2479601e+00
  -4.5557742e+00
   6.3407899e+00
   4.3411329e+00
  -4.8014259e+00
   6.4180947e+00
   5.1170669e+00
   5.2593737e+00
   2.7215513e+00
   6.3239918e+00
   5.8879616e+00
   3.4614971e+00
  -1.3590212e+00
   5.2760162e+00
  -3.8858963e+00
   6.2939545e+00
   3.9934292e+00
   3.1974921e+00
   6.0677326e+00
  -3.6161603e-01
   4.2444895e+00
   2.5680004e+00
   1.8903267e+00
   5.3588348e+00
   6.9914754e+00
   3.9072402e+00
   3.3613046e+00
